0.0388235294117647
0.0388235294117647
0.0388235294117647
0.0388235294117647
0.0388235294117647
0.0388235294117647
0.0388235294117647
0.0388235294117647
0.0388235294117647
0.0388235294117647
0.0388235294117647
0.0388235294117647
0.0388235294117647
0.0388235294117647
0.0388235294117647
0.09058823529411764
0.0388235294117647
0.0388235294117647
0.0388235294117647
0.09058823529411764
0.09058823529411764
0.09058823529411764
0.09058823529411764
0.09058823529411764
0.09058823529411764
0.09058823529411764
0.09058823529411764
0.09058823529411764
0.09058823529411764
0.09058823529411764
0.09058823529411764
0.09058823529411764
0.09058823529411764
0.09058823529411764
0.09058823529411764
0.09058823529411764
0.1941176470588235
0.09058823529411764
0.1941176470588235
0.09058823529411764
0.09058823529411764
0.09058823529411764
0.1941176470588235
0.09058823529411764
0.09058823529411764
0.1941176470588235
0.09058823529411764
0.1941176470588235
0.09058823529411764
0.1941176470588235
0.09058823529411764
0.1941176470588235
0.1941176470588235
0.09058823529411764
0.1941176470588235
0.1941176470588235
0.1941176470588235
0.1941176470588235
0.1941176470588235
0.09058823529411764
0.1941176470588235
0.1941176470588235
0.1941176470588235
0.1941176470588235
0.09058823529411764
0.1941176470588235
0.1941176470588235
0.1941176470588235
0.1941176470588235
0.1941176470588235
0.1941176470588235
0.1941176470588235
0.1941176470588235
0.1941176470588235
0.1941176470588235
0.1941176470588235
0.1941176470588235
0.1941176470588235
0.1941176470588235
0.1941176470588235
0.1941176470588235
0.1941176470588235
0.1941176470588235
0.1941176470588235
0.1941176470588235
0.1941176470588235
0.1941176470588235
0.1941176470588235
0.1941176470588235
0.1941176470588235
0.40117647058823525
0.1941176470588235
0.1941176470588235
0.1941176470588235
0.1941176470588235
0.1941176470588235
0.1941176470588235
0.1941176470588235
0.1941176470588235
0.1941176470588235
0.1941176470588235
0.1941176470588235
0.1941176470588235
0.1941176470588235
0.1941176470588235
0.1941176470588235
0.1941176470588235
0.40117647058823525
0.1941176470588235
0.1941176470588235
0.40117647058823525
0.1941176470588235
0.1941176470588235
0.1941176470588235
0.40117647058823525
0.40117647058823525
0.1941176470588235
0.40117647058823525
0.1941176470588235
0.40117647058823525
0.40117647058823525
0.40117647058823525
0.40117647058823525
0.40117647058823525
0.40117647058823525
0.40117647058823525
0.40117647058823525
0.40117647058823525
0.40117647058823525
0.40117647058823525
0.40117647058823525
0.40117647058823525
0.40117647058823525
0.40117647058823525
0.40117647058823525
0.40117647058823525
0.40117647058823525
0.40117647058823525
0.40117647058823525
0.40117647058823525
0.40117647058823525
0.40117647058823525
0.40117647058823525
0.40117647058823525
0.40117647058823525
0.40117647058823525
0.40117647058823525
0.40117647058823525
0.40117647058823525
0.40117647058823525
0.40117647058823525
0.40117647058823525
0.40117647058823525
0.40117647058823525
0.40117647058823525
0.40117647058823525
0.40117647058823525
0.40117647058823525
0.40117647058823525
0.40117647058823525
0.40117647058823525
0.40117647058823525
0.40117647058823525
0.40117647058823525
0.40117647058823525
0.40117647058823525
0.40117647058823525
0.40117647058823525
0.40117647058823525
0.40117647058823525
0.40117647058823525
0.40117647058823525
0.40117647058823525
0.40117647058823525
0.40117647058823525
0.40117647058823525
0.40117647058823525
0.40117647058823525
0.40117647058823525
0.40117647058823525
0.40117647058823525
0.40117647058823525
0.40117647058823525
0.40117647058823525
0.40117647058823525
0.40117647058823525
0.40117647058823525
0.40117647058823525
0.40117647058823525
0.40117647058823525
0.40117647058823525
0.40117647058823525
0.40117647058823525
0.40117647058823525
0.40117647058823525
0.40117647058823525
0.40117647058823525
0.40117647058823525
0.40117647058823525
0.40117647058823525
0.40117647058823525
0.6341176470588236
0.40117647058823525
0.40117647058823525
0.40117647058823525
0.40117647058823525
0.40117647058823525
0.40117647058823525
0.40117647058823525
0.40117647058823525
0.40117647058823525
0.40117647058823525
0.40117647058823525
0.40117647058823525
0.40117647058823525
0.6729411764705882
0.40117647058823525
0.40117647058823525
0.40117647058823525
0.40117647058823525
0.40117647058823525
0.7247058823529411
0.40117647058823525
0.7247058823529411
0.40117647058823525
0.7247058823529411
0.40117647058823525
0.7247058823529411
0.40117647058823525
0.7247058823529411
0.40117647058823525
0.7247058823529411
0.40117647058823525
0.7247058823529411
0.40117647058823525
0.7247058823529411
0.7247058823529411
0.7247058823529411
0.40117647058823525
0.776470588235294
0.40117647058823525
0.776470588235294
0.40117647058823525
0.776470588235294
0.40117647058823525
0.776470588235294
0.40117647058823525
0.776470588235294
0.776470588235294
0.776470588235294
0.776470588235294
0.776470588235294
0.776470588235294
0.776470588235294
0.8023529411764705
0.8023529411764705
0.8023529411764705
0.8023529411764705
0.8023529411764705
0.8023529411764705
0.8023529411764705
0.8023529411764705
0.8023529411764705
0.8152941176470588
0.8152941176470588
0.8152941176470588
0.8152941176470588
0.8152941176470588
0.8152941176470588
0.8152941176470588
0.8152941176470588
0.8152941176470588
0.8152941176470588
0.8152941176470588
0.8152941176470588
0.8152941176470588
0.8152941176470588
0.8152941176470588
0.8152941176470588
0.8152941176470588
0.8152941176470588
0.8152941176470588
0.8152941176470588
0.8152941176470588
0.8152941176470588
0.8152941176470588
0.8152941176470588
0.8152941176470588
0.8152941176470588
0.8152941176470588
0.8152941176470588
0.8152941176470588
0.8152941176470588
0.8152941176470588
0.8152941176470588
0.8152941176470588
0.8152941176470588
0.8152941176470588
0.8152941176470588
0.8152941176470588
0.8152941176470588
0.8152941176470588
0.8152941176470588
0.8152941176470588
0.8152941176470588
0.8152941176470588
0.8152941176470588
0.8152941176470588
0.8152941176470588
0.8152941176470588
0.8152941176470588
0.8152941176470588
0.8152941176470588
0.8152941176470588
0.8152941176470588
0.8152941176470588
0.8152941176470588
0.8152941176470588
0.8152941176470588
0.8152941176470588
0.8152941176470588
0.8152941176470588
0.8152941176470588
0.8152941176470588
0.8152941176470588
0.8152941176470588
0.8152941176470588
0.8152941176470588
0.8152941176470588
0.8152941176470588
0.8152941176470588
0.8152941176470588
0.8152941176470588
0.8152941176470588
0.8152941176470588
0.8152941176470588
0.8152941176470588
0.8152941176470588
0.8152941176470588
0.8152941176470588
0.8152941176470588
0.8152941176470588
0.8152941176470588
0.8152941176470588
0.8152941176470588
0.8152941176470588
0.8152941176470588
0.8152941176470588
0.8152941176470588
0.8152941176470588
0.8152941176470588
0.8152941176470588
0.8152941176470588
0.8152941176470588
0.8152941176470588
0.8152941176470588
0.8152941176470588
0.8152941176470588
0.8152941176470588
0.8152941176470588
0.8152941176470588
0.8152941176470588
0.8152941176470588
0.8152941176470588
0.8152941176470588
0.8152941176470588
0.8152941176470588
0.8152941176470588
0.8152941176470588
0.8152941176470588
0.8152941176470588
0.8152941176470588
0.8152941176470588
0.8152941176470588
0.8152941176470588
0.8152941176470588
0.8152941176470588
0.8152941176470588
0.8152941176470588
0.8152941176470588
0.8152941176470588
0.8152941176470588
0.8152941176470588
0.8152941176470588
0.8152941176470588
0.8152941176470588
0.8152941176470588
0.8152941176470588
0.8152941176470588
0.8152941176470588
0.8152941176470588
1.0223529411764705
0.8152941176470588
1.0223529411764705
0.8152941176470588
1.0223529411764705
0.8152941176470588
1.0223529411764705
0.8152941176470588
1.0223529411764705
0.8152941176470588
1.0223529411764705
0.8152941176470588
1.0223529411764705
0.8152941176470588
1.0223529411764705
0.8152941176470588
1.0223529411764705
0.8152941176470588
1.0223529411764705
0.8152941176470588
1.0223529411764705
0.8152941176470588
1.0223529411764705
0.8152941176470588
1.0223529411764705
0.8152941176470588
1.0223529411764705
0.8152941176470588
1.0223529411764705
0.8152941176470588
1.0223529411764705
0.8152941176470588
1.0223529411764705
0.8152941176470588
1.0223529411764705
0.8152941176470588
1.0223529411764705
0.8152941176470588
1.0741176470588234
0.8152941176470588
1.0741176470588234
0.8152941176470588
1.0741176470588234
0.8152941176470588
1.0741176470588234
0.8152941176470588
1.0741176470588234
0.8152941176470588
1.0870588235294116
0.8152941176470588
1.1129411764705883
0.8152941176470588
1.1388235294117646
0.8152941176470588
1.1388235294117646
0.8152941176470588
1.1388235294117646
0.8152941176470588
1.1388235294117646
0.8152941176470588
1.1388235294117646
1.1388235294117646
1.1388235294117646
0.8152941176470588
1.2423529411764704
1.1388235294117646
1.1388235294117646
1.1388235294117646
1.1388235294117646
1.1388235294117646
1.1388235294117646
1.1388235294117646
1.1388235294117646
1.1388235294117646
1.2423529411764704
0.8152941176470588
1.2423529411764704
0.8152941176470588
1.2423529411764704
1.1905882352941175
1.1905882352941175
1.1905882352941175
1.1905882352941175
1.1905882352941175
1.1905882352941175
1.1905882352941175
1.1905882352941175
1.1905882352941175
1.2423529411764704
1.1905882352941175
1.2423529411764704
1.2164705882352942
1.2164705882352942
1.2164705882352942
1.2423529411764704
1.2423529411764704
1.2423529411764704
1.2423529411764704
1.2423529411764704
1.2423529411764704
1.2423529411764704
1.2423529411764704
1.2423529411764704
1.2423529411764704
1.2423529411764704
1.2423529411764704
1.2423529411764704
1.2423529411764704
1.2423529411764704
1.2423529411764704
1.2423529411764704
1.2423529411764704
1.2423529411764704
1.2423529411764704
1.2423529411764704
1.2423529411764704
1.2423529411764704
1.2423529411764704
1.2423529411764704
1.2423529411764704
1.2423529411764704
1.2423529411764704
1.2423529411764704
1.2552941176470587
1.2552941176470587
1.2552941176470587
1.2552941176470587
1.2552941176470587
1.2552941176470587
1.2552941176470587
1.2552941176470587
1.2552941176470587
1.2811764705882354
1.2811764705882354
1.2811764705882354
1.2811764705882354
1.2811764705882354
1.2811764705882354
1.2811764705882354
1.2811764705882354
1.2811764705882354
1.2811764705882354
1.2811764705882354
1.2811764705882354
1.2811764705882354
1.4494117647058822
1.32
1.32
1.4494117647058822
1.3329411764705883
1.4494117647058822
1.3329411764705883
1.4494117647058822
1.3329411764705883
1.4494117647058822
1.4494117647058822
1.4494117647058822
1.4494117647058822
1.4494117647058822
1.4494117647058822
1.4494117647058822
1.4494117647058822
1.4494117647058822
1.4494117647058822
1.4494117647058822
1.4494117647058822
1.4494117647058822
1.4494117647058822
1.4494117647058822
1.4494117647058822
1.4494117647058822
1.4494117647058822
1.4494117647058822
1.4494117647058822
1.4494117647058822
1.4494117647058822
1.4494117647058822
1.4494117647058822
1.4494117647058822
1.4494117647058822
1.4494117647058822
1.4494117647058822
1.4494117647058822
1.4494117647058822
1.4494117647058822
1.4494117647058822
1.4494117647058822
1.4494117647058822
1.4494117647058822
1.4494117647058822
1.4494117647058822
1.4494117647058822
1.4494117647058822
1.4494117647058822
1.4494117647058822
1.4494117647058822
1.4494117647058822
1.4494117647058822
1.552941176470588
1.4494117647058822
1.552941176470588
1.4494117647058822
1.4494117647058822
1.552941176470588
1.4494117647058822
1.552941176470588
1.552941176470588
1.552941176470588
1.552941176470588
1.552941176470588
1.552941176470588
1.552941176470588
1.552941176470588
1.552941176470588
1.552941176470588
1.552941176470588
1.552941176470588
1.552941176470588
1.552941176470588
1.552941176470588
1.552941176470588
1.552941176470588
1.552941176470588
1.552941176470588
1.552941176470588
1.552941176470588
1.552941176470588
1.552941176470588
1.552941176470588
1.552941176470588
1.552941176470588
1.552941176470588
1.552941176470588
1.552941176470588
1.552941176470588
1.552941176470588
1.552941176470588
1.552941176470588
1.552941176470588
1.552941176470588
1.552941176470588
1.552941176470588
1.552941176470588
1.552941176470588
1.552941176470588
1.604705882352941
1.604705882352941
1.604705882352941
1.552941176470588
1.604705882352941
1.604705882352941
1.552941176470588
1.552941176470588
1.604705882352941
1.604705882352941
1.552941176470588
1.604705882352941
1.604705882352941
1.604705882352941
1.604705882352941
1.604705882352941
1.604705882352941
1.604705882352941
1.604705882352941
1.604705882352941
1.604705882352941
1.604705882352941
1.604705882352941
1.604705882352941
1.604705882352941
1.604705882352941
1.604705882352941
1.604705882352941
1.604705882352941
1.604705882352941
1.604705882352941
1.604705882352941
1.604705882352941
1.6305882352941177
1.6305882352941177
1.6305882352941177
1.604705882352941
1.6305882352941177
1.6305882352941177
1.6305882352941177
1.6305882352941177
1.604705882352941
1.6305882352941177
1.6305882352941177
1.6305882352941177
1.6305882352941177
1.6305882352941177
1.6305882352941177
1.6305882352941177
1.6305882352941177
1.6305882352941177
1.6305882352941177
1.6305882352941177
1.6305882352941177
1.643529411764706
1.643529411764706
1.6305882352941177
1.643529411764706
1.643529411764706
1.643529411764706
1.643529411764706
1.643529411764706
1.643529411764706
1.643529411764706
1.643529411764706
1.643529411764706
1.643529411764706
1.643529411764706
1.643529411764706
1.643529411764706
1.643529411764706
1.643529411764706
1.643529411764706
1.643529411764706
1.643529411764706
1.643529411764706
1.643529411764706
1.643529411764706
1.643529411764706
1.643529411764706
1.643529411764706
1.643529411764706
1.643529411764706
1.643529411764706
1.643529411764706
1.643529411764706
1.643529411764706
1.643529411764706
1.643529411764706
1.643529411764706
1.643529411764706
1.643529411764706
1.643529411764706
1.656470588235294
1.643529411764706
1.643529411764706
1.656470588235294
1.643529411764706
1.656470588235294
1.643529411764706
1.656470588235294
1.643529411764706
1.656470588235294
1.643529411764706
1.656470588235294
1.643529411764706
1.656470588235294
1.643529411764706
1.656470588235294
1.643529411764706
1.656470588235294
1.643529411764706
1.656470588235294
1.656470588235294
1.643529411764706
1.656470588235294
1.656470588235294
1.656470588235294
1.656470588235294
1.656470588235294
1.656470588235294
1.656470588235294
1.656470588235294
1.656470588235294
1.656470588235294
1.656470588235294
1.6694117647058822
1.6694117647058822
1.6694117647058822
1.6694117647058822
1.6694117647058822
1.6694117647058822
1.6694117647058822
1.6694117647058822
1.6694117647058822
1.6694117647058822
1.6694117647058822
1.6694117647058822
1.6694117647058822
1.6694117647058822
1.6694117647058822
1.6952941176470586
1.6952941176470586
1.6952941176470586
1.6952941176470586
1.6952941176470586
1.6952941176470586
1.6952941176470586
1.6952941176470586
1.6952941176470586
1.6952941176470586
1.6952941176470586
1.6952941176470586
1.6952941176470586
1.6952941176470586
1.6952941176470586
1.6952941176470586
1.6952941176470586
1.6952941176470586
1.6952941176470586
1.6952941176470586
1.7470588235294118
1.6952941176470586
1.6952941176470586
1.6952941176470586
1.7470588235294118
1.6952941176470586
1.6952941176470586
1.6952941176470586
1.6952941176470586
1.6952941176470586
1.7470588235294118
1.7470588235294118
1.7470588235294118
1.7470588235294118
1.7470588235294118
1.7470588235294118
1.7470588235294118
1.7470588235294118
1.7470588235294118
1.7470588235294118
1.7470588235294118
1.7470588235294118
1.7470588235294118
1.7470588235294118
1.7470588235294118
1.7470588235294118
1.7470588235294118
1.7470588235294118
1.7470588235294118
1.7470588235294118
1.7470588235294118
1.7470588235294118
1.7470588235294118
1.7470588235294118
1.7470588235294118
1.7470588235294118
1.7470588235294118
1.7470588235294118
1.7470588235294118
1.7470588235294118
1.7470588235294118
1.7470588235294118
1.7470588235294118
1.7470588235294118
1.7470588235294118
1.7470588235294118
1.7470588235294118
1.7470588235294118
1.8505882352941176
1.7470588235294118
1.7470588235294118
1.7470588235294118
1.8505882352941176
1.7470588235294118
1.8505882352941176
1.7470588235294118
1.8505882352941176
1.7470588235294118
1.8505882352941176
1.8505882352941176
1.8505882352941176
1.8505882352941176
1.8505882352941176
1.8505882352941176
1.8505882352941176
1.8505882352941176
1.8505882352941176
1.8505882352941176
1.8505882352941176
1.8505882352941176
1.8505882352941176
1.8505882352941176
1.8505882352941176
1.8505882352941176
1.8505882352941176
1.8505882352941176
1.8505882352941176
1.8505882352941176
1.8505882352941176
1.8505882352941176
1.8505882352941176
1.8505882352941176
1.8505882352941176
1.8505882352941176
1.8505882352941176
1.8505882352941176
1.8505882352941176
1.8505882352941176
1.8505882352941176
1.8505882352941176
1.8505882352941176
1.8505882352941176
1.8505882352941176
1.8505882352941176
1.8505882352941176
1.8505882352941176
1.8505882352941176
1.8505882352941176
1.8505882352941176
1.8505882352941176
1.8505882352941176
1.8505882352941176
1.8505882352941176
1.8505882352941176
1.8505882352941176
1.8505882352941176
1.8505882352941176
1.8505882352941176
1.8505882352941176
1.8505882352941176
1.8505882352941176
1.8505882352941176
1.8505882352941176
1.8505882352941176
1.8505882352941176
1.8505882352941176
1.8505882352941176
1.8505882352941176
1.8505882352941176
1.8505882352941176
1.8505882352941176
1.8505882352941176
1.8505882352941176
1.8505882352941176
1.8505882352941176
1.9670588235294115
1.8505882352941176
1.8505882352941176
1.9670588235294115
1.8505882352941176
1.9670588235294115
1.8505882352941176
1.9799999999999998
1.8505882352941176
1.9799999999999998
1.9799999999999998
1.8505882352941176
1.8505882352941176
2.018823529411765
2.018823529411765
2.018823529411765
2.018823529411765
2.018823529411765
2.018823529411765
2.018823529411765
2.018823529411765
2.018823529411765
2.018823529411765
2.018823529411765
2.018823529411765
2.018823529411765
2.044705882352941
2.044705882352941
2.044705882352941
2.044705882352941
2.044705882352941
2.044705882352941
2.044705882352941
2.044705882352941
2.044705882352941
2.044705882352941
2.044705882352941
2.044705882352941
2.044705882352941
2.0576470588235294
2.0576470588235294
2.0576470588235294
2.0576470588235294
2.0576470588235294
2.0576470588235294
2.0576470588235294
2.0576470588235294
2.0576470588235294
2.0576470588235294
2.0576470588235294
2.0576470588235294
2.0576470588235294
2.0576470588235294
2.0576470588235294
2.0576470588235294
2.0576470588235294
2.0576470588235294
2.0576470588235294
2.0576470588235294
2.0576470588235294
2.0576470588235294
2.0576470588235294
2.0576470588235294
2.0576470588235294
2.0576470588235294
2.0576470588235294
2.0576470588235294
2.0576470588235294
2.0576470588235294
2.0576470588235294
2.0576470588235294
2.0576470588235294
2.0576470588235294
2.0576470588235294
2.0576470588235294
2.0576470588235294
2.0576470588235294
2.0576470588235294
2.0576470588235294
2.0576470588235294
2.0576470588235294
2.0576470588235294
2.0576470588235294
2.0576470588235294
2.0576470588235294
2.0576470588235294
2.0576470588235294
2.0576470588235294
2.0576470588235294
2.0576470588235294
2.0576470588235294
2.0576470588235294
2.0576470588235294
2.0576470588235294
2.0576470588235294
2.0576470588235294
2.0576470588235294
2.0576470588235294
2.0576470588235294
2.0576470588235294
2.0576470588235294
2.0576470588235294
2.0576470588235294
2.0576470588235294
2.0576470588235294
2.0576470588235294
2.0576470588235294
2.0576470588235294
2.0576470588235294
2.0576470588235294
2.0576470588235294
2.0576470588235294
2.0576470588235294
2.0576470588235294
2.083529411764706
2.0576470588235294
2.0576470588235294
2.083529411764706
2.0576470588235294
2.0576470588235294
2.0576470588235294
2.0576470588235294
2.083529411764706
2.109411764705882
2.0576470588235294
2.109411764705882
2.109411764705882
2.109411764705882
2.109411764705882
2.109411764705882
2.109411764705882
2.109411764705882
2.109411764705882
2.109411764705882
2.109411764705882
2.109411764705882
2.109411764705882
2.109411764705882
2.109411764705882
2.109411764705882
2.109411764705882
2.1611764705882353
2.109411764705882
2.109411764705882
2.1611764705882353
2.1611764705882353
2.1611764705882353
2.1611764705882353
2.1611764705882353
2.1611764705882353
2.1611764705882353
2.1611764705882353
2.1611764705882353
2.1611764705882353
2.1611764705882353
2.1611764705882353
2.1611764705882353
2.484705882352941
2.0576470588235294
2.484705882352941
2.0576470588235294
2.484705882352941
2.0576470588235294
2.484705882352941
2.0576470588235294
2.484705882352941
2.1611764705882353
2.484705882352941
2.1611764705882353
2.484705882352941
2.1611764705882353
2.484705882352941
2.1611764705882353
2.484705882352941
2.1611764705882353
2.484705882352941
2.1870588235294117
2.484705882352941
2.2129411764705877
2.484705882352941
2.2258823529411766
2.484705882352941
2.1611764705882353
2.484705882352941
2.2258823529411766
2.484705882352941
2.2258823529411766
2.484705882352941
2.2258823529411766
2.484705882352941
2.2258823529411766
2.484705882352941
2.277647058823529
2.484705882352941
2.277647058823529
2.484705882352941
2.277647058823529
2.484705882352941
2.277647058823529
2.484705882352941
2.277647058823529
2.484705882352941
2.277647058823529
2.484705882352941
2.277647058823529
2.484705882352941
2.277647058823529
2.484705882352941
2.277647058823529
2.484705882352941
2.277647058823529
2.484705882352941
2.277647058823529
2.484705882352941
2.277647058823529
2.484705882352941
2.277647058823529
2.484705882352941
2.277647058823529
2.484705882352941
2.277647058823529
2.484705882352941
2.277647058823529
2.484705882352941
2.484705882352941
2.277647058823529
2.484705882352941
2.277647058823529
2.484705882352941
2.484705882352941
2.484705882352941
2.484705882352941
2.484705882352941
2.484705882352941
2.484705882352941
2.484705882352941
2.484705882352941
2.484705882352941
2.484705882352941
2.484705882352941
2.484705882352941
2.484705882352941
2.484705882352941
2.484705882352941
2.484705882352941
2.484705882352941
2.484705882352941
2.484705882352941
2.484705882352941
2.484705882352941
2.484705882352941
2.484705882352941
2.484705882352941
2.484705882352941
2.484705882352941
2.484705882352941
2.484705882352941
2.484705882352941
2.484705882352941
2.484705882352941
2.484705882352941
2.484705882352941
2.484705882352941
2.484705882352941
2.484705882352941
2.484705882352941
2.484705882352941
2.484705882352941
2.484705882352941
2.484705882352941
2.484705882352941
2.484705882352941
2.484705882352941
2.484705882352941
2.484705882352941
2.484705882352941
2.484705882352941
2.484705882352941
2.484705882352941
2.484705882352941
2.484705882352941
2.484705882352941
2.484705882352941
2.484705882352941
2.484705882352941
2.484705882352941
2.484705882352941
2.484705882352941
2.484705882352941
2.484705882352941
2.484705882352941
2.484705882352941
2.484705882352941
2.484705882352941
2.484705882352941
2.484705882352941
2.484705882352941
2.484705882352941
2.484705882352941
2.484705882352941
2.484705882352941
2.484705882352941
2.484705882352941
2.484705882352941
2.484705882352941
2.484705882352941
2.484705882352941
2.484705882352941
2.484705882352941
2.484705882352941
2.484705882352941
2.484705882352941
2.484705882352941
2.484705882352941
2.484705882352941
2.484705882352941
2.484705882352941
2.484705882352941
2.484705882352941
2.484705882352941
2.484705882352941
2.484705882352941
2.484705882352941
2.484705882352941
2.484705882352941
2.484705882352941
2.484705882352941
2.484705882352941
2.484705882352941
2.484705882352941
2.484705882352941
2.484705882352941
2.484705882352941
2.484705882352941
2.484705882352941
2.484705882352941
2.484705882352941
2.484705882352941
2.484705882352941
2.484705882352941
2.484705882352941
2.484705882352941
2.484705882352941
2.484705882352941
2.484705882352941
2.484705882352941
2.484705882352941
2.484705882352941
2.484705882352941
2.484705882352941
2.484705882352941
2.484705882352941
2.484705882352941
2.484705882352941
2.484705882352941
2.484705882352941
2.484705882352941
2.484705882352941
2.484705882352941
2.484705882352941
2.484705882352941
2.484705882352941
2.484705882352941
2.484705882352941
2.484705882352941
2.484705882352941
2.484705882352941
2.4976470588235293
2.4976470588235293
2.4976470588235293
2.4976470588235293
2.4976470588235293
2.4976470588235293
2.4976470588235293
2.4976470588235293
2.4976470588235293
2.4976470588235293
2.4976470588235293
2.4976470588235293
2.4976470588235293
2.4976470588235293
2.4976470588235293
2.4976470588235293
2.4976470588235293
2.4976470588235293
2.4976470588235293
2.4976470588235293
2.4976470588235293
2.4976470588235293
2.4976470588235293
2.4976470588235293
2.5235294117647054
2.5235294117647054
2.5235294117647054
2.5235294117647054
2.5235294117647054
2.5235294117647054
2.5235294117647054
2.5235294117647054
2.5235294117647054
2.5235294117647054
2.5235294117647054
2.5235294117647054
2.5235294117647054
2.5235294117647054
2.5235294117647054
2.5235294117647054
2.5235294117647054
2.5235294117647054
2.5235294117647054
2.5235294117647054
2.5235294117647054
2.8988235294117644
2.5235294117647054
2.5235294117647054
2.5235294117647054
2.8988235294117644
2.5235294117647054
2.5235294117647054
2.8988235294117644
2.5235294117647054
2.5235294117647054
2.8988235294117644
2.5235294117647054
2.5235294117647054
2.8988235294117644
2.5235294117647054
2.5235294117647054
2.8988235294117644
2.5235294117647054
2.5235294117647054
2.8988235294117644
2.5235294117647054
2.5235294117647054
2.5752941176470587
2.8988235294117644
2.5235294117647054
2.8988235294117644
2.5235294117647054
2.8988235294117644
2.5235294117647054
2.8988235294117644
2.5235294117647054
2.5752941176470587
2.8988235294117644
2.5235294117647054
2.8988235294117644
2.5752941176470587
2.8988235294117644
2.5752941176470587
2.8988235294117644
2.5752941176470587
2.8988235294117644
2.5752941176470587
2.8988235294117644
2.5752941176470587
2.8988235294117644
2.5752941176470587
2.8988235294117644
2.5752941176470587
2.8988235294117644
2.5752941176470587
2.8988235294117644
2.5752941176470587
2.8988235294117644
2.5752941176470587
2.8988235294117644
2.5752941176470587
2.8988235294117644
2.5752941176470587
2.8988235294117644
2.5752941176470587
2.8988235294117644
2.5752941176470587
2.8988235294117644
2.5752941176470587
2.8988235294117644
2.5752941176470587
2.8988235294117644
2.5752941176470587
2.8988235294117644
2.5752941176470587
2.8988235294117644
2.5752941176470587
2.8988235294117644
2.5752941176470587
2.8988235294117644
2.5752941176470587
2.8988235294117644
2.8988235294117644
2.5752941176470587
2.8988235294117644
2.5752941176470587
2.8988235294117644
2.5752941176470587
2.8988235294117644
2.5752941176470587
2.8988235294117644
2.5752941176470587
2.8988235294117644
2.5752941176470587
2.8988235294117644
2.5752941176470587
2.8988235294117644
2.5752941176470587
2.8988235294117644
2.5752941176470587
2.8988235294117644
2.8988235294117644
2.5752941176470587
2.8988235294117644
2.5752941176470587
2.8988235294117644
2.5752941176470587
2.8988235294117644
2.5752941176470587
2.8988235294117644
2.5752941176470587
2.8988235294117644
2.5752941176470587
2.8988235294117644
2.5752941176470587
2.8988235294117644
2.8988235294117644
2.5752941176470587
2.8988235294117644
2.5752941176470587
2.8988235294117644
2.8988235294117644
2.64
2.8988235294117644
2.8988235294117644
2.64
2.8988235294117644
2.8988235294117644
2.8988235294117644
2.8988235294117644
2.8988235294117644
2.64
2.8988235294117644
2.8988235294117644
2.64
2.8988235294117644
2.8988235294117644
2.8988235294117644
2.8988235294117644
2.8988235294117644
2.8988235294117644
2.8988235294117644
2.8988235294117644
2.8988235294117644
2.8988235294117644
2.8988235294117644
2.8988235294117644
2.8988235294117644
2.64
2.8988235294117644
2.8988235294117644
2.8988235294117644
2.8988235294117644
2.8988235294117644
2.8988235294117644
2.8988235294117644
2.8988235294117644
2.8988235294117644
2.8988235294117644
2.8988235294117644
2.8988235294117644
2.8988235294117644
2.8988235294117644
2.8988235294117644
2.8988235294117644
2.8988235294117644
2.8988235294117644
2.8988235294117644
2.8988235294117644
2.8988235294117644
2.6658823529411766
2.8988235294117644
2.8988235294117644
2.8988235294117644
2.8988235294117644
2.6788235294117646
2.8988235294117644
2.8988235294117644
2.8988235294117644
2.8988235294117644
2.8988235294117644
2.8988235294117644
2.8988235294117644
2.8988235294117644
2.8988235294117644
2.8988235294117644
2.8988235294117644
2.8988235294117644
2.8988235294117644
2.8988235294117644
2.6788235294117646
2.8988235294117644
2.8988235294117644
2.8988235294117644
2.8988235294117644
2.8988235294117644
2.8988235294117644
2.8988235294117644
2.8988235294117644
2.8988235294117644
2.8988235294117644
2.8988235294117644
2.8988235294117644
2.8988235294117644
2.8988235294117644
2.8988235294117644
2.6788235294117646
2.8988235294117644
2.8988235294117644
2.8988235294117644
2.8988235294117644
2.8988235294117644
2.8988235294117644
2.8988235294117644
2.8988235294117644
2.8988235294117644
2.8988235294117644
2.8988235294117644
2.8988235294117644
2.8988235294117644
2.8988235294117644
2.8988235294117644
2.8988235294117644
2.8988235294117644
2.8988235294117644
2.8988235294117644
2.8988235294117644
2.8988235294117644
2.8988235294117644
2.8988235294117644
2.8988235294117644
2.8988235294117644
2.8988235294117644
2.8988235294117644
2.8988235294117644
2.8988235294117644
2.8988235294117644
2.8988235294117644
2.8988235294117644
2.8988235294117644
2.8988235294117644
2.8988235294117644
2.8988235294117644
2.8988235294117644
2.8988235294117644
2.8988235294117644
2.8988235294117644
2.8988235294117644
2.8988235294117644
2.8988235294117644
2.8988235294117644
2.8988235294117644
2.8988235294117644
2.8988235294117644
2.8988235294117644
2.8988235294117644
2.8988235294117644
2.8988235294117644
2.8988235294117644
2.8988235294117644
2.8988235294117644
2.8988235294117644
2.8988235294117644
2.8988235294117644
2.8988235294117644
2.8988235294117644
2.8988235294117644
2.8988235294117644
2.8988235294117644
2.8988235294117644
2.8988235294117644
2.8988235294117644
2.8988235294117644
2.8988235294117644
2.8988235294117644
2.8988235294117644
2.8988235294117644
2.8988235294117644
2.8988235294117644
2.8988235294117644
2.8988235294117644
2.8988235294117644
2.8988235294117644
2.8988235294117644
2.8988235294117644
2.8988235294117644
2.8988235294117644
2.8988235294117644
2.8988235294117644
2.8988235294117644
2.8988235294117644
2.8988235294117644
2.8988235294117644
2.8988235294117644
2.8988235294117644
2.8988235294117644
2.8988235294117644
2.8988235294117644
2.8988235294117644
2.8988235294117644
2.8988235294117644
2.8988235294117644
2.8988235294117644
2.8988235294117644
2.8988235294117644
2.8988235294117644
2.8988235294117644
2.8988235294117644
2.8988235294117644
2.8988235294117644
2.8988235294117644
2.8988235294117644
2.8988235294117644
2.8988235294117644
2.8988235294117644
2.8988235294117644
2.8988235294117644
2.8988235294117644
2.8988235294117644
2.8988235294117644
2.8988235294117644
2.8988235294117644
2.8988235294117644
2.8988235294117644
2.8988235294117644
2.8988235294117644
2.8988235294117644
2.8988235294117644
2.8988235294117644
2.8988235294117644
2.8988235294117644
2.8988235294117644
2.8988235294117644
2.8988235294117644
2.8988235294117644
2.8988235294117644
2.8988235294117644
2.8988235294117644
2.8988235294117644
2.8988235294117644
2.8988235294117644
2.8988235294117644
2.8988235294117644
2.8988235294117644
2.8988235294117644
2.8988235294117644
2.8988235294117644
2.8988235294117644
2.8988235294117644
2.8988235294117644
2.8988235294117644
2.8988235294117644
2.8988235294117644
2.8988235294117644
2.8988235294117644
2.8988235294117644
2.8988235294117644
2.8988235294117644
2.8988235294117644
2.8988235294117644
2.8988235294117644
2.8988235294117644
2.8988235294117644
2.8988235294117644
2.8988235294117644
2.8988235294117644
2.8988235294117644
2.8988235294117644
2.8988235294117644
2.8988235294117644
2.8988235294117644
2.8988235294117644
2.8988235294117644
2.8988235294117644
2.8988235294117644
2.8988235294117644
2.8988235294117644
2.8988235294117644
2.8988235294117644
2.8988235294117644
2.8988235294117644
2.8988235294117644
2.8988235294117644
2.8988235294117644
2.8988235294117644
2.8988235294117644
2.8988235294117644
2.8988235294117644
2.8988235294117644
2.8988235294117644
2.8988235294117644
2.8988235294117644
2.8988235294117644
2.8988235294117644
2.8988235294117644
2.8988235294117644
2.8988235294117644
2.8988235294117644
2.8988235294117644
2.8988235294117644
2.8988235294117644
2.8988235294117644
2.8988235294117644
2.8988235294117644
2.8988235294117644
2.8988235294117644
2.8988235294117644
2.8988235294117644
2.8988235294117644
2.8988235294117644
2.8988235294117644
2.8988235294117644
2.8988235294117644
2.8988235294117644
2.8988235294117644
2.8988235294117644
2.8988235294117644
2.8988235294117644
2.8988235294117644
2.8988235294117644
2.8988235294117644
2.8988235294117644
2.8988235294117644
2.8988235294117644
2.8988235294117644
2.8988235294117644
2.8988235294117644
2.8988235294117644
2.8988235294117644
2.8988235294117644
2.8988235294117644
2.8988235294117644
2.8988235294117644
2.8988235294117644
2.8988235294117644
2.8988235294117644
2.8988235294117644
2.8988235294117644
2.8988235294117644
2.8988235294117644
2.8988235294117644
2.8988235294117644
2.8988235294117644
2.8988235294117644
2.8988235294117644
2.8988235294117644
2.8988235294117644
2.8988235294117644
2.8988235294117644
2.8988235294117644
2.8988235294117644
2.8988235294117644
2.8988235294117644
2.8988235294117644
2.8988235294117644
2.8988235294117644
2.8988235294117644
2.8988235294117644
2.8988235294117644
2.8988235294117644
2.6788235294117646
2.8988235294117644
2.8988235294117644
2.8988235294117644
2.8988235294117644
2.8988235294117644
2.8988235294117644
2.8988235294117644
2.8988235294117644
2.8988235294117644
2.8988235294117644
2.8988235294117644
2.8988235294117644
2.8988235294117644
2.8988235294117644
2.8988235294117644
2.8988235294117644
2.8988235294117644
2.8988235294117644
2.8988235294117644
2.8988235294117644
2.8988235294117644
2.8988235294117644
2.8988235294117644
2.8988235294117644
2.8988235294117644
2.8988235294117644
2.8988235294117644
2.8988235294117644
2.8988235294117644
2.8988235294117644
2.8988235294117644
2.8988235294117644
2.8988235294117644
2.8988235294117644
2.8988235294117644
2.8988235294117644
2.8988235294117644
2.8988235294117644
2.8988235294117644
2.8988235294117644
2.8988235294117644
2.8988235294117644
2.8988235294117644
2.8988235294117644
2.8988235294117644
2.8988235294117644
2.8988235294117644
2.8988235294117644
2.8988235294117644
2.8988235294117644
2.8988235294117644
2.8988235294117644
2.8988235294117644
2.8988235294117644
2.8988235294117644
2.8988235294117644
2.8988235294117644
2.8988235294117644
2.8988235294117644
2.8988235294117644
2.8988235294117644
2.8988235294117644
2.8988235294117644
2.8988235294117644
2.8988235294117644
2.8988235294117644
2.8988235294117644
2.8988235294117644
2.8988235294117644
2.8988235294117644
